Webots Project File version R2025a
perspectives: 000000ff00000000fd000000020000000100000364000003b7fc0200000001fb0000001400540065007800740045006400690074006f00720100000019000003b70000008900ffffff0000000300000780000000fcfc0100000001fb0000001a0043006f006e0073006f006c00650041006c006c0041006c006c01000000000000078000000000000000000000041a000003b700000001000000020000000100000008fc00000000
simulationViewPerspectives: 000000ff00000001000000020000015b000002bd0100000002010000000100
sceneTreePerspectives: 000000ff0000000100000003000000220000029d000000fa0100000002010000000200
maximizedDockId: -1
centralWidgetVisible: 1
orthographicViewHeight: 1
textFiles: 0 "controllers/drone_animation/drone_animation.c"
renderingDevicePerspectives: drone:camera;0;0.240741;0.00936329;0.0313433
